{
 "parties": [
  {
   "name": "Conservatives",
   "abbr": "Con",
   "seatEff": 1,
   "color": "#3b82f6",
   "bloc": "Bloc 2"
  },
  {
   "name": "Social-Democrats",
   "abbr": "SD",
   "seatEff": 1,
   "color": "#ef4444",
   "bloc": "Bloc 1"
  },
  {
   "name": "Liberals",
   "abbr": "Lib",
   "seatEff": 0.22,
   "color": "#f5b301",
   "bloc": "Bloc 1"
  },
  {
   "name": "Nationalist",
   "abbr": "Nat",
   "seatEff": 0.22,
   "color": "#22c55e",
   "bloc": "Bloc 2"
  },
  {
   "name": "Independent",
   "abbr": "Ind",
   "seatEff": 0.045,
   "color": "#a855f7",
   "bloc": "Unaligned"
  },
  {
   "name": "BP First",
   "abbr": "BPF",
   "seatEff": 1,
   "color": "#14b8a6",
   "bloc": "Unaligned"
  }
 ],
 "states": [
  {
   "name": "Cambria",
   "region": "East",
   "population": 35282524,
   "turnout": 0.631650140394646,
   "votesCast": 22286211,
   "seats": 76,
   "pollsCloseMin": 1140,
   "shares": [
    0.232834879449893,
    0.343673759142835,
    0.190489527688933,
    0.149734524381633,
    0.0832673093367065,
    0
   ],
   "lastShares": [
    0.246246654245469,
    0.303202902153316,
    0.220291941683056,
    0.136908880847204,
    0.0933496210709556,
    0
   ],
   "history": [
    [
     0.302645923036857,
     0.269013243415207,
     0.198977275915122,
     0.122347260391488,
     0.107016297241326,
     0
    ],
    [
     0.409208829691935,
     0.135329423857942,
     0.204948527965485,
     0.156739628627229,
     0.0937735898574089,
     0
    ],
    [
     0.246246654245469,
     0.303202902153316,
     0.220291941683056,
     0.136908880847204,
     0.0933496210709556,
     0
    ]
   ]
  },
  {
   "name": "Medina",
   "region": "West",
   "population": 24099464,
   "turnout": 0.622874869681613,
   "votesCast": 15010950,
   "seats": 53,
   "pollsCloseMin": 1260,
   "shares": [
    0.216782093888243,
    0.349726854764732,
    0.210864541852531,
    0.12473583406901,
    0.0978906754254837,
    0
   ],
   "lastShares": [
    0.222010077649606,
    0.310735918239073,
    0.25833548867508,
    0.0870755003645977,
    0.121843015071643,
    0
   ],
   "history": [
    [
     0.279049799468189,
     0.265981772891019,
     0.253950329948129,
     0.0808736218086284,
     0.120144475884035,
     0
    ],
    [
     0.350493570654753,
     0.165257051504692,
     0.229251175487956,
     0.131726437110807,
     0.123271765241791,
     0
    ],
    [
     0.222010077649606,
     0.310735918239073,
     0.25833548867508,
     0.0870755003645977,
     0.121843015071643,
     0
    ]
   ]
  },
  {
   "name": "Irving",
   "region": "East",
   "population": 18030508,
   "turnout": 0.627180228620882,
   "votesCast": 11308378,
   "seats": 40,
   "pollsCloseMin": 1140,
   "shares": [
    0.251370451544508,
    0.346650778080414,
    0.173876740702353,
    0.15180781934707,
    0.0762942103256546,
    0
   ],
   "lastShares": [
    0.274242066958588,
    0.321833000704349,
    0.189998266402236,
    0.120713985020512,
    0.0932126809143153,
    0
   ],
   "history": [
    [
     0.346354861337689,
     0.2720971548956,
     0.183153416846346,
     0.11434712405573,
     0.0840474428646353,
     0
    ],
    [
     0.42305033543477,
     0.150168918867341,
     0.174186530829495,
     0.174243166112274,
     0.0783510487561207,
     0
    ],
    [
     0.274242066958588,
     0.321833000704349,
     0.189998266402236,
     0.120713985020512,
     0.0932126809143153,
     0
    ]
   ]
  },
  {
   "name": "Claymont",
   "region": "East",
   "population": 14700243,
   "turnout": 0.630967267470641,
   "votesCast": 9275372,
   "seats": 33,
   "pollsCloseMin": 1140,
   "shares": [
    0.218020776629883,
    0.36967957604955,
    0.190780925525829,
    0.143791004049347,
    0.0777277177453921,
    0
   ],
   "lastShares": [
    0.246654915654471,
    0.333134709409014,
    0.226624620893225,
    0.114797830463059,
    0.0787879235802316,
    0
   ],
   "history": [
    [
     0.279319654194555,
     0.282561151759225,
     0.230414464103471,
     0.118395873198302,
     0.0893088567444469,
     0
    ],
    [
     0.343264625164851,
     0.167795370900232,
     0.207174141554852,
     0.183639560538824,
     0.0981263018412415,
     0
    ],
    [
     0.246654915654471,
     0.333134709409014,
     0.226624620893225,
     0.114797830463059,
     0.0787879235802316,
     0
    ]
   ]
  },
  {
   "name": "Witmiota",
   "region": "North",
   "population": 11879447,
   "turnout": 0.619718743186112,
   "votesCast": 7361916,
   "seats": 27,
   "pollsCloseMin": 1140,
   "shares": [
    0.328664606532462,
    0.221869131906553,
    0.111301838603046,
    0.251181501815914,
    0.0869829211420252,
    0
   ],
   "lastShares": [
    0.37014224969656,
    0.145854076537344,
    0.109274175805928,
    0.251826574833189,
    0.122902923126979,
    0
   ],
   "history": [
    [
     0.444135030572997,
     0.134132005438361,
     0.102866491817883,
     0.211155638753318,
     0.107710833417441,
     0
    ],
    [
     0.512575252187375,
     0.0506079339218986,
     0.0873686371489659,
     0.258576899485195,
     0.0908712772565658,
     0
    ],
    [
     0.37014224969656,
     0.145854076537344,
     0.109274175805928,
     0.251826574833189,
     0.122902923126979,
     0
    ]
   ]
  },
  {
   "name": "Qassines",
   "region": "South",
   "population": 11895832,
   "turnout": 0.625599993093486,
   "votesCast": 7442032,
   "seats": 27,
   "pollsCloseMin": 1200,
   "shares": [
    0.289883282756551,
    0.263351980929687,
    0.131453717270411,
    0.232202121007301,
    0.0831088980360508,
    0
   ],
   "lastShares": [
    0.325306712852501,
    0.209018445951908,
    0.146375626644532,
    0.220380457930646,
    0.0989187566204139,
    0
   ],
   "history": [
    [
     0.428408069893831,
     0.173532095334647,
     0.128582607697736,
     0.173958493423456,
     0.0955187336503306,
     0
    ],
    [
     0.47380748427449,
     0.0698657674901899,
     0.103729306254613,
     0.269978659569784,
     0.0826187824109241,
     0
    ],
    [
     0.325306712852501,
     0.209018445951908,
     0.146375626644532,
     0.220380457930646,
     0.0989187566204139,
     0
    ]
   ]
  },
  {
   "name": "Rockwell",
   "region": "Middle West",
   "population": 10788990,
   "turnout": 0.598069390921743,
   "votesCast": 6452565,
   "seats": 25,
   "pollsCloseMin": 1260,
   "shares": [
    0.257726555045364,
    0.307075242812969,
    0.154729480217839,
    0.198760139235686,
    0.0817085826881415,
    0
   ],
   "lastShares": [
    0.307378843888399,
    0.242275257676147,
    0.169375858162855,
    0.187838062312625,
    0.0931319779599756,
    0
   ],
   "history": [
    [
     0.33159027006877,
     0.24523453531803,
     0.153819418428279,
     0.173412286993601,
     0.0959434891913209,
     0
    ],
    [
     0.419505018516825,
     0.111601268916323,
     0.142089289976869,
     0.235616813669074,
     0.0911876089209094,
     0
    ],
    [
     0.307378843888399,
     0.242275257676147,
     0.169375858162855,
     0.187838062312625,
     0.0931319779599756,
     0
    ]
   ]
  },
  {
   "name": "Dunham",
   "region": "Middle West",
   "population": 9698552,
   "turnout": 0.616210735919829,
   "votesCast": 5976352,
   "seats": 22,
   "pollsCloseMin": 1260,
   "shares": [
    0.259276945816638,
    0.321125302081088,
    0.143893882637343,
    0.192147821218175,
    0.083556048246756,
    0
   ],
   "lastShares": [
    0.289676471866604,
    0.272975736851314,
    0.150771376890217,
    0.185498159322769,
    0.101078255069096,
    0
   ],
   "history": [
    [
     0.341506428715525,
     0.236112506075976,
     0.171342852013605,
     0.150162924102031,
     0.100875289092863,
     0
    ],
    [
     0.430683893034049,
     0.121067443962058,
     0.130561168206755,
     0.221963119921725,
     0.0957243748754147,
     0
    ],
    [
     0.289676471866604,
     0.272975736851314,
     0.150771376890217,
     0.185498159322769,
     0.101078255069096,
     0
    ]
   ]
  },
  {
   "name": "Runswick",
   "region": "North",
   "population": 9347323,
   "turnout": 0.622189766335453,
   "votesCast": 5815809,
   "seats": 22,
   "pollsCloseMin": 1140,
   "shares": [
    0.280480268797652,
    0.240471019834407,
    0.116239273218195,
    0.271047269236183,
    0.0917621689135643,
    0
   ],
   "lastShares": [
    0.317611429616842,
    0.168252373543655,
    0.121152757563889,
    0.283865783176503,
    0.109117656099111,
    0
   ],
   "history": [
    [
     0.377020318897612,
     0.147250014362437,
     0.121640628872596,
     0.239879257252494,
     0.114209780614862,
     0
    ],
    [
     0.439599008299186,
     0.0702484994519503,
     0.0875358817289498,
     0.308170062114616,
     0.0944465484052973,
     0
    ],
    [
     0.317611429616842,
     0.168252373543655,
     0.121152757563889,
     0.283865783176503,
     0.109117656099111,
     0
    ]
   ]
  },
  {
   "name": "Antiheller",
   "region": "East",
   "population": 9049790,
   "turnout": 0.631946048354913,
   "votesCast": 5718979,
   "seats": 21,
   "pollsCloseMin": 1140,
   "shares": [
    0.236778257021157,
    0.364945823902905,
    0.168945489994826,
    0.155777841803286,
    0.0735525872778262,
    0
   ],
   "lastShares": [
    0.233237075846193,
    0.356316644950954,
    0.188257789281784,
    0.137947997557319,
    0.0842404923637497,
    0
   ],
   "history": [
    [
     0.312480223719969,
     0.278787368689117,
     0.18748095482415,
     0.135146594015448,
     0.086104858751316,
     0
    ],
    [
     0.389760738680345,
     0.152447226534216,
     0.161971661163489,
     0.206683577965144,
     0.0891367956568066,
     0
    ],
    [
     0.233237075846193,
     0.356316644950954,
     0.188257789281784,
     0.137947997557319,
     0.0842404923637497,
     0
    ]
   ]
  },
  {
   "name": "Brackley",
   "region": "Middle East",
   "population": 8593492,
   "turnout": 0.643774820788182,
   "votesCast": 5532274,
   "seats": 20,
   "pollsCloseMin": 1140,
   "shares": [
    0.303869127481124,
    0.32091873725782,
    0.158354550494508,
    0.142520166654169,
    0.074337418112379,
    0
   ],
   "lastShares": [
    0.339935913444472,
    0.293970916142222,
    0.167966856941727,
    0.116161140533224,
    0.0819651729383565,
    0
   ],
   "history": [
    [
     0.412561608269432,
     0.248406897487349,
     0.159419739893306,
     0.102481823131462,
     0.0771299312184518,
     0
    ],
    [
     0.53081630852881,
     0.109393489929382,
     0.144414454631485,
     0.13909131564688,
     0.0762844312634436,
     0
    ],
    [
     0.339935913444472,
     0.293970916142222,
     0.167966856941727,
     0.116161140533224,
     0.0819651729383565,
     0
    ]
   ]
  },
  {
   "name": "Wynhurst",
   "region": "Middle East",
   "population": 8043922,
   "turnout": 0.651062247883145,
   "votesCast": 5237094,
   "seats": 19,
   "pollsCloseMin": 1140,
   "shares": [
    0.261098370449147,
    0.34347029407887,
    0.187692364095351,
    0.136634589888492,
    0.0711043814881413,
    0
   ],
   "lastShares": [
    0.279629995597371,
    0.323090563409453,
    0.192936398695467,
    0.127923023443535,
    0.0764200188541749,
    0
   ],
   "history": [
    [
     0.357936212975221,
     0.265610386840948,
     0.192530916235264,
     0.110122736121152,
     0.0737997478274152,
     0
    ],
    [
     0.436669467450665,
     0.127836178170254,
     0.192249940826592,
     0.151551649714818,
     0.0916927638376708,
     0
    ],
    [
     0.279629995597371,
     0.323090563409453,
     0.192936398695467,
     0.127923023443535,
     0.0764200188541749,
     0
    ]
   ]
  },
  {
   "name": "North Deltana",
   "region": "Middle East",
   "population": 7142793,
   "turnout": 0.632804436362764,
   "votesCast": 4519991,
   "seats": 17,
   "pollsCloseMin": 1200,
   "shares": [
    0.295253983158247,
    0.327326690667695,
    0.15819203048297,
    0.144542217975049,
    0.0746850777160388,
    0
   ],
   "lastShares": [
    0.316368276220037,
    0.321677236178644,
    0.178571167522741,
    0.101949606863193,
    0.0814337132153856,
    0
   ],
   "history": [
    [
     0.408337317810745,
     0.239038343872111,
     0.175817551746963,
     0.0910675302791038,
     0.0857392562910777,
     0
    ],
    [
     0.491505171563259,
     0.120271420456326,
     0.159798095412612,
     0.147853276697395,
     0.0805720358704091,
     0
    ],
    [
     0.316368276220037,
     0.321677236178644,
     0.178571167522741,
     0.101949606863193,
     0.0814337132153856,
     0
    ]
   ]
  },
  {
   "name": "Wentworth",
   "region": "Middle West",
   "population": 6332296,
   "turnout": 0.614405115034948,
   "votesCast": 3890595,
   "seats": 15,
   "pollsCloseMin": 1260,
   "shares": [
    0.239314937701762,
    0.333337231195337,
    0.164457876187411,
    0.18314958561859,
    0.0797403692968992,
    0
   ],
   "lastShares": [
    0.258076185495237,
    0.305454201080862,
    0.193314573548169,
    0.160338735591233,
    0.0828163042844995,
    0
   ],
   "history": [
    [
     0.332503363380533,
     0.231260326033352,
     0.181244031413633,
     0.159412776786698,
     0.0955795023857846,
     0
    ],
    [
     0.38903565482703,
     0.115562648273617,
     0.177084036828114,
     0.216202741082443,
     0.102114918988796,
     0
    ],
    [
     0.258076185495237,
     0.305454201080862,
     0.193314573548169,
     0.160338735591233,
     0.0828163042844995,
     0
    ]
   ]
  },
  {
   "name": "Fairdover",
   "region": "East",
   "population": 6052347,
   "turnout": 0.634364018771927,
   "votesCast": 3839391,
   "seats": 15,
   "pollsCloseMin": 1140,
   "shares": [
    0.238154828909965,
    0.375249111402716,
    0.174537250284113,
    0.136199703976082,
    0.0758591054271237,
    0
   ],
   "lastShares": [
    0.243393133007477,
    0.36148347824195,
    0.202778902032097,
    0.104953201848635,
    0.0873912848698419,
    0
   ],
   "history": [
    [
     0.307974946999714,
     0.290121457164295,
     0.204991832087526,
     0.10148450621167,
     0.0954272575367952,
     0
    ],
    [
     0.417402798668105,
     0.160524964232612,
     0.173363751566474,
     0.161274162455003,
     0.0874343230778053,
     0
    ],
    [
     0.243393133007477,
     0.36148347824195,
     0.202778902032097,
     0.104953201848635,
     0.0873912848698419,
     0
    ]
   ]
  },
  {
   "name": "Vanleer",
   "region": "South",
   "population": 5924067,
   "turnout": 0.618973052353343,
   "votesCast": 3666838,
   "seats": 14,
   "pollsCloseMin": 1200,
   "shares": [
    0.278621738616746,
    0.312701874069136,
    0.11352860432237,
    0.219488282858786,
    0.0756595001329615,
    0
   ],
   "lastShares": [
    0.325643637075838,
    0.253642138657312,
    0.124800862312645,
    0.211999116837448,
    0.0839142451167565,
    0
   ],
   "history": [
    [
     0.416863534543493,
     0.192063880224337,
     0.116806399435459,
     0.192062121298039,
     0.0822040644986719,
     0
    ],
    [
     0.478199133721092,
     0.101374340965628,
     0.103114597646285,
     0.231804220346759,
     0.0855077073202359,
     0
    ],
    [
     0.325643637075838,
     0.253642138657312,
     0.124800862312645,
     0.211999116837448,
     0.0839142451167565,
     0
    ]
   ]
  },
  {
   "name": "Stretton",
   "region": "East",
   "population": 5641560,
   "turnout": 0.635850479284169,
   "votesCast": 3587189,
   "seats": 14,
   "pollsCloseMin": 1140,
   "shares": [
    0.250906823856627,
    0.327094253445901,
    0.171356367801484,
    0.173075361642585,
    0.0775671932534029,
    0
   ],
   "lastShares": [
    0.269779772680813,
    0.308477151706115,
    0.186625335608108,
    0.155117290605406,
    0.0800004493995581,
    0
   ],
   "history": [
    [
     0.339120240475171,
     0.273787134794778,
     0.181472047887146,
     0.125794512607113,
     0.0798260642357922,
     0
    ],
    [
     0.404740128548485,
     0.122475203848684,
     0.163593843605393,
     0.216414725587044,
     0.092776098410394,
     0
    ],
    [
     0.269779772680813,
     0.308477151706115,
     0.186625335608108,
     0.155117290605406,
     0.0800004493995581,
     0
    ]
   ]
  },
  {
   "name": "Almorange",
   "region": "North",
   "population": 5267271,
   "turnout": 0.621211041522398,
   "votesCast": 3272087,
   "seats": 13,
   "pollsCloseMin": 1110,
   "shares": [
    0.308368491034341,
    0.21022917282966,
    0.110784001592627,
    0.280782072524394,
    0.089836262018978,
    0
   ],
   "lastShares": [
    0.364128731938821,
    0.150439023986875,
    0.109655711158042,
    0.271659341226246,
    0.104117191690017,
    0
   ],
   "history": [
    [
     0.397309581587917,
     0.130967851917713,
     0.107262485755682,
     0.248247505453684,
     0.116212575285004,
     0
    ],
    [
     0.447142502962487,
     0.0501064422372416,
     0.0832387304002307,
     0.331397350913038,
     0.0881149734870033,
     0
    ],
    [
     0.364128731938821,
     0.150439023986875,
     0.109655711158042,
     0.271659341226246,
     0.104117191690017,
     0
    ]
   ]
  },
  {
   "name": "Penshurst",
   "region": "Middle West",
   "population": 4872525,
   "turnout": 0.618146982672401,
   "votesCast": 3011937,
   "seats": 12,
   "pollsCloseMin": 1200,
   "shares": [
    0.225739429375588,
    0.341968094722836,
    0.140439221755112,
    0.1980963681423,
    0.0937568860041648,
    0
   ],
   "lastShares": [
    0.242747136210643,
    0.302911550175858,
    0.161814559197473,
    0.181779116448274,
    0.110747637967751,
    0
   ],
   "history": [
    [
     0.321525485673785,
     0.251192881741331,
     0.144910406954977,
     0.170914939245207,
     0.1114562863847,
     0
    ],
    [
     0.410541667535615,
     0.108470492593076,
     0.126879107020892,
     0.237703591829606,
     0.116405141020812,
     0
    ],
    [
     0.242747136210643,
     0.302911550175858,
     0.161814559197473,
     0.181779116448274,
     0.110747637967751,
     0
    ]
   ]
  },
  {
   "name": "Chamberlain",
   "region": "Middle East",
   "population": 4571742,
   "turnout": 0.635761095542182,
   "votesCast": 2906536,
   "seats": 12,
   "pollsCloseMin": 1140,
   "shares": [
    0.254101081113411,
    0.351557439588106,
    0.17912436896882,
    0.144076437395159,
    0.0711406729345044,
    0
   ],
   "lastShares": [
    0.291310522684326,
    0.316401307721919,
    0.196407484823876,
    0.118267526862665,
    0.0776131579072142,
    0
   ],
   "history": [
    [
     0.332617682912193,
     0.270217608577373,
     0.210173512682943,
     0.106787409675104,
     0.0802037861523869,
     0
    ],
    [
     0.448357828321098,
     0.137276144811964,
     0.180480151761652,
     0.148780292653409,
     0.0851055824518774,
     0
    ],
    [
     0.291310522684326,
     0.316401307721919,
     0.196407484823876,
     0.118267526862665,
     0.0776131579072142,
     0
    ]
   ]
  },
  {
   "name": "Plyholm",
   "region": "Middle West",
   "population": 4570070,
   "turnout": 0.608895828511053,
   "votesCast": 2782697,
   "seats": 12,
   "pollsCloseMin": 1200,
   "shares": [
    0.254298902577192,
    0.320053642889023,
    0.142294571099976,
    0.196596769176766,
    0.0867561142570428,
    0
   ],
   "lastShares": [
    0.262779110915606,
    0.288152216168792,
    0.14097163895629,
    0.193476135480082,
    0.114620898479229,
    0
   ],
   "history": [
    [
     0.332072407430311,
     0.249778343765478,
     0.159206498543487,
     0.159481729093916,
     0.0994610211668087,
     0
    ],
    [
     0.411129091126686,
     0.133255227991472,
     0.133801957636307,
     0.213394404050699,
     0.108419319194837,
     0
    ],
    [
     0.262779110915606,
     0.288152216168792,
     0.14097163895629,
     0.193476135480082,
     0.114620898479229,
     0
    ]
   ]
  },
  {
   "name": "Vawdrey",
   "region": "South",
   "population": 4173604,
   "turnout": 0.627602853526237,
   "votesCast": 2619366,
   "seats": 11,
   "pollsCloseMin": 1200,
   "shares": [
    0.295634772541458,
    0.293224058720972,
    0.115448193314579,
    0.213623394617805,
    0.0820695808051861,
    0
   ],
   "lastShares": [
    0.3355171408619,
    0.225185373336617,
    0.123752229861566,
    0.224967111427983,
    0.0905781445119337,
    0
   ],
   "history": [
    [
     0.397464484263567,
     0.20316770177605,
     0.121226294707271,
     0.18090385861293,
     0.0972376606401827,
     0
    ],
    [
     0.472228084906475,
     0.090344173799983,
     0.0989381972532432,
     0.248929757278741,
     0.0895597867615575,
     0
    ],
    [
     0.3355171408619,
     0.225185373336617,
     0.123752229861566,
     0.224967111427983,
     0.0905781445119337,
     0
    ]
   ]
  },
  {
   "name": "Esmour",
   "region": "South",
   "population": 3960605,
   "turnout": 0.625193400682226,
   "votesCast": 2476144,
   "seats": 10,
   "pollsCloseMin": 1200,
   "shares": [
    0.291042233054289,
    0.308298503264434,
    0.11705402361423,
    0.207908517161874,
    0.0756967229051727,
    0
   ],
   "lastShares": [
    0.340110309643802,
    0.238009932064363,
    0.1250046300617,
    0.205890936332653,
    0.090984191897482,
    0
   ],
   "history": [
    [
     0.39868176863143,
     0.192122140397667,
     0.120214916879472,
     0.192421520330222,
     0.0965596537612105,
     0
    ],
    [
     0.492337034892494,
     0.0825536913377378,
     0.105376640676263,
     0.238120144743401,
     0.0816124883501044,
     0
    ],
    [
     0.340110309643802,
     0.238009932064363,
     0.1250046300617,
     0.205890936332653,
     0.090984191897482,
     0
    ]
   ]
  },
  {
   "name": "South Deltana",
   "region": "Middle East",
   "population": 3687269,
   "turnout": 0.638979821689476,
   "votesCast": 2356090,
   "seats": 10,
   "pollsCloseMin": 1200,
   "shares": [
    0.315572055158953,
    0.301098994902658,
    0.156570860323448,
    0.157216353439313,
    0.0695417361756273,
    0
   ],
   "lastShares": [
    0.354203767992252,
    0.280591418694699,
    0.171631569446786,
    0.125937147920591,
    0.0676360959456717,
    0
   ],
   "history": [
    [
     0.439763413267472,
     0.21601886124417,
     0.156738780147433,
     0.113092587606938,
     0.0743863577339875,
     0
    ],
    [
     0.514348284429916,
     0.112068005393315,
     0.144480233822678,
     0.16396133861299,
     0.0651421377411015,
     0
    ],
    [
     0.354203767992252,
     0.280591418694699,
     0.171631569446786,
     0.125937147920591,
     0.0676360959456717,
     0
    ]
   ]
  },
  {
   "name": "Thornton",
   "region": "Middle West",
   "population": 3404578,
   "turnout": 0.6201950401239,
   "votesCast": 2111502,
   "seats": 9,
   "pollsCloseMin": 1200,
   "shares": [
    0.252952276905323,
    0.317364388371675,
    0.146997904411818,
    0.205091687969945,
    0.0775937423412395,
    0
   ],
   "lastShares": [
    0.277033631228338,
    0.286080306784918,
    0.165515143050577,
    0.183550805161725,
    0.0878201137744423,
    0
   ],
   "history": [
    [
     0.331527646704828,
     0.212304755649113,
     0.15740444774774,
     0.204747516003845,
     0.0940156338944752,
     0
    ],
    [
     0.414317978805808,
     0.104649949352356,
     0.142274363843661,
     0.25422228674755,
     0.0845354212506258,
     0
    ],
    [
     0.277033631228338,
     0.286080306784918,
     0.165515143050577,
     0.183550805161725,
     0.0878201137744423,
     0
    ]
   ]
  },
  {
   "name": "Stanhope",
   "region": "Middle East",
   "population": 2932849,
   "turnout": 0.634249200681392,
   "votesCast": 1860157,
   "seats": 8,
   "pollsCloseMin": 1200,
   "shares": [
    0.272610326018375,
    0.348517048612717,
    0.164335405552916,
    0.139447717570164,
    0.0750895022458272,
    0
   ],
   "lastShares": [
    0.320752080429855,
    0.31265804485684,
    0.186440855980752,
    0.102995220248816,
    0.077153798483737,
    0
   ],
   "history": [
    [
     0.400720242705332,
     0.257893758418098,
     0.171477580574031,
     0.0915897820953808,
     0.0783186362071585,
     0
    ],
    [
     0.489719047729074,
     0.130435736357353,
     0.162848962826609,
     0.13846578737021,
     0.0785304657167539,
     0
    ],
    [
     0.320752080429855,
     0.31265804485684,
     0.186440855980752,
     0.102995220248816,
     0.077153798483737,
     0
    ]
   ]
  },
  {
   "name": "Kerswell",
   "region": "South",
   "population": 2408155,
   "turnout": 0.624664825666292,
   "votesCast": 1504290,
   "seats": 7,
   "pollsCloseMin": 1200,
   "shares": [
    0.285337970175737,
    0.266628247436651,
    0.126725437601658,
    0.239313371381967,
    0.081994973403986,
    0
   ],
   "lastShares": [
    0.324577459212512,
    0.229595389266814,
    0.137306785490381,
    0.210446831041843,
    0.0980735349884504,
    0
   ],
   "history": [
    [
     0.359593027381152,
     0.208303593483262,
     0.137732772904213,
     0.202164664373976,
     0.0922059418573965,
     0
    ],
    [
     0.436977482433185,
     0.0858745993773033,
     0.115090536427244,
     0.269085458045413,
     0.0929719237168544,
     0
    ],
    [
     0.324577459212512,
     0.229595389266814,
     0.137306785490381,
     0.210446831041843,
     0.0980735349884504,
     0
    ]
   ]
  },
  {
   "name": "North Aguirre",
   "region": "West",
   "population": 2051253,
   "turnout": 0.603233074092578,
   "votesCast": 1237384,
   "seats": 6,
   "pollsCloseMin": 1260,
   "shares": [
    0.211396364882729,
    0.351014604923523,
    0.221618601797368,
    0.128068186020471,
    0.0879022423759093,
    0
   ],
   "lastShares": [
    0.218404623516174,
    0.316407641008059,
    0.270653750399153,
    0.0938370312072113,
    0.100696953869403,
    0
   ],
   "history": [
    [
     0.241682757294914,
     0.27806837655458,
     0.295327939418881,
     0.0721751621259503,
     0.112745764605674,
     0
    ],
    [
     0.367021524527273,
     0.14835835964221,
     0.238712352170495,
     0.129770812017573,
     0.11613695164245,
     0
    ],
    [
     0.218404623516174,
     0.316407641008059,
     0.270653750399153,
     0.0938370312072113,
     0.100696953869403,
     0
    ]
   ]
  },
  {
   "name": "South Aguirre",
   "region": "West",
   "population": 1660518,
   "turnout": 0.608276801172938,
   "votesCast": 1010055,
   "seats": 5,
   "pollsCloseMin": 1260,
   "shares": [
    0.207167597979128,
    0.364263686450204,
    0.222142003456623,
    0.129154158372641,
    0.0772725537414052,
    0
   ],
   "lastShares": [
    0.203832738828452,
    0.348768439845373,
    0.273374625642834,
    0.0925636780983642,
    0.0814605175849766,
    0
   ],
   "history": [
    [
     0.259245726879161,
     0.281018686719857,
     0.29175746255753,
     0.084417138455136,
     0.0835609853883166,
     0
    ],
    [
     0.363166904213494,
     0.157980882289881,
     0.245079154390003,
     0.135345523616024,
     0.0984275354905972,
     0
    ],
    [
     0.203832738828452,
     0.348768439845373,
     0.273374625642834,
     0.0925636780983642,
     0.0814605175849766,
     0
    ]
   ]
  },
  {
   "name": "Gladstone",
   "region": "South",
   "population": 1532243,
   "turnout": 0.618989913480541,
   "votesCast": 948443,
   "seats": 5,
   "pollsCloseMin": 1200,
   "shares": [
    0.299847334266319,
    0.301656609574688,
    0.137280502129796,
    0.188206616442405,
    0.0730089375867927,
    0
   ],
   "lastShares": [
    0.352459873434154,
    0.234816123609813,
    0.145166957997505,
    0.189151359450218,
    0.0784056855083101,
    0
   ],
   "history": [
    [
     0.444845193246207,
     0.166557719261039,
     0.15471145168356,
     0.14958345292891,
     0.0843021828802855,
     0
    ],
    [
     0.495441626190595,
     0.0833158891558924,
     0.124834987797428,
     0.21327591302353,
     0.0831315838325547,
     0
    ],
    [
     0.352459873434154,
     0.234816123609813,
     0.145166957997505,
     0.189151359450218,
     0.0784056855083101,
     0
    ]
   ]
  },
  {
   "name": "Ponderay",
   "region": "West",
   "population": 1329163,
   "turnout": 0.607309263630757,
   "votesCast": 807213,
   "seats": 5,
   "pollsCloseMin": 1260,
   "shares": [
    0.211888317915281,
    0.360915191311783,
    0.212912791166183,
    0.120443847054118,
    0.0938398525526353,
    0
   ],
   "lastShares": [
    0.209904132270531,
    0.328125841407938,
    0.269897200092444,
    0.07948212273539,
    0.112590703493697,
    0
   ],
   "history": [
    [
     0.258755487157134,
     0.295428412425457,
     0.25625609002258,
     0.0805570801298677,
     0.109002930264962,
     0
    ],
    [
     0.373861586345372,
     0.16389625354081,
     0.229431744521288,
     0.121538520922874,
     0.111271894669657,
     0
    ],
    [
     0.209904132270531,
     0.328125841407938,
     0.269897200092444,
     0.07948212273539,
     0.112590703493697,
     0
    ]
   ]
  },
  {
   "name": "Deale",
   "region": "South",
   "population": 1198271,
   "turnout": 0.640834552513208,
   "votesCast": 767893,
   "seats": 5,
   "pollsCloseMin": 1260,
   "shares": [
    0.291596950337429,
    0.276316049910692,
    0.15313963380786,
    0.197413757697682,
    0.081533608246338,
    0
   ],
   "lastShares": [
    0.323825874961283,
    0.218053004734616,
    0.184768151988878,
    0.176569980258688,
    0.0967829880565351,
    0
   ],
   "history": [
    [
     0.376273457875842,
     0.19131420381382,
     0.170643674210222,
     0.168366382365914,
     0.093402281734202,
     0
    ],
    [
     0.486235758400067,
     0.0795565943638136,
     0.131446268217886,
     0.218949210381205,
     0.083812168637028,
     0
    ],
    [
     0.323825874961283,
     0.218053004734616,
     0.184768151988878,
     0.176569980258688,
     0.0967829880565351,
     0
    ]
   ]
  },
  {
   "name": "Bremond",
   "region": "East",
   "population": 823502,
   "turnout": 0.636611219667272,
   "votesCast": 524251,
   "seats": 4,
   "pollsCloseMin": 1140,
   "shares": [
    0.243088470465434,
    0.351028135251449,
    0.161958824376999,
    0.165724732635718,
    0.0781998372704004,
    0
   ],
   "lastShares": [
    0.245893293147203,
    0.350497126466697,
    0.17738553165958,
    0.143280464624214,
    0.0829435841023067,
    0
   ],
   "history": [
    [
     0.328516350903246,
     0.278071181764867,
     0.170087669140343,
     0.124811226831747,
     0.0985135713597968,
     0
    ],
    [
     0.439061934966857,
     0.149198534860501,
     0.146857921441113,
     0.179144282229329,
     0.0857373265022006,
     0
    ],
    [
     0.245893293147203,
     0.350497126466697,
     0.17738553165958,
     0.143280464624214,
     0.0829435841023067,
     0
    ]
   ]
  },
  {
   "name": "Eielson",
   "region": "Middle East",
   "population": 624473,
   "turnout": 0.628918631117452,
   "votesCast": 392743,
   "seats": 3,
   "pollsCloseMin": 1200,
   "shares": [
    0.278450961591048,
    0.347489152089718,
    0.167780581892155,
    0.134528836499796,
    0.0717504679272831,
    0
   ],
   "lastShares": [
    0.308328730959965,
    0.327038477110767,
    0.196981995661076,
    0.0996981236296358,
    0.0679526726385569,
    0
   ],
   "history": [
    [
     0.379620884970008,
     0.259812363239703,
     0.182384671900509,
     0.0966316331462689,
     0.0815504467435114,
     0
    ],
    [
     0.47042142500453,
     0.131852320285313,
     0.166134203295096,
     0.1502969095674,
     0.0812951418476615,
     0
    ],
    [
     0.308328730959965,
     0.327038477110767,
     0.196981995661076,
     0.0996981236296358,
     0.0679526726385569,
     0
    ]
   ]
  },
  {
   "name": "St.Julian",
   "region": "St.Julian",
   "population": 332741,
   "turnout": 0.68628890939946,
   "votesCast": 228356,
   "seats": 3,
   "pollsCloseMin": 1260,
   "shares": [
    0.354628825268098,
    0.238496406433638,
    0.218372017923114,
    0.101585340502715,
    0.0869174098724351,
    0
   ],
   "lastShares": [
    0.383160405362515,
    0.185391024506978,
    0.235750273406812,
    0.0817402385898567,
    0.113958058133838,
    0
   ],
   "history": [
    [
     0.453880859435758,
     0.133956100076331,
     0.246351001576803,
     0.0620159692622163,
     0.103796069648892,
     0
    ],
    [
     0.576492636677685,
     0.0604320963380671,
     0.187461333496815,
     0.084795153432483,
     0.0908187800549498,
     0
    ],
    [
     0.383160405362515,
     0.185391024506978,
     0.235750273406812,
     0.0817402385898567,
     0.113958058133838,
     0
    ]
   ]
  },
  {
   "name": "Bras-Panon Islands",
   "region": "Bras-Panon Islands",
   "population": 138786,
   "turnout": 0.573652228497667,
   "votesCast": 79615,
   "seats": 2,
   "pollsCloseMin": 1380,
   "shares": [
    0.128337369957285,
    0.230129070706654,
    0.0830292295083128,
    0.129362197926672,
    0.0684536305275976,
    0.36068850137348
   ],
   "lastShares": [
    0.110333672041771,
    0.206483691035082,
    0.0786414290814876,
    0.0927476324704603,
    0.0701449907329837,
    0.441648584638216
   ],
   "history": [
    [
     0.133804627016584,
     0.169305660276163,
     0.0822242146798701,
     0.0954545819522281,
     0.0775623314369394,
     0.441648584638216
    ],
    [
     0.169311277434703,
     0.0985197502841911,
     0.0741033016300552,
     0.149359092315682,
     0.067057993697153,
     0.441648584638216
    ],
    [
     0.110333672041771,
     0.206483691035082,
     0.0786414290814876,
     0.0927476324704603,
     0.0701449907329837,
     0.441648584638216
    ]
   ]
  }
 ],
 "majority": 302,
 "totalSeats": 602,
 "incumbent": "Social-Democrats",
 "blocNames": {
  "bloc1": "SD-Liberal",
  "bloc2": "Con-National"
 }
}